screensize	500 500
eye_direction	-0.158594 -0.324742 0.932411
reference_point	0 0 0
focal_distance	2.41421
view_angle	45
znear_ratio	0.1
zfar_ratio	10
aspect	1
zoom	1.085
translate	-0.182194 0.108041 0.00460381
rmat
0.933791 0.257458 0.248497 0
-0.320754 0.910087 0.26241 0
-0.158594 -0.324742 0.932411 0
0 0 0 1
mmat
1 0 0 0
0 1 0 0
0 0 1 0
0 0 0 1
pmat
2.41421 0 0 0
0 2.41421 0 0
0 0 -1.0202 -0.449511
0 0 -1 0
