screensize	500 500
eye_direction	0.455023 -0.192806 0.869356
reference_point	0 0 0
focal_distance	2.41421
view_angle	45
znear_ratio	0.1
zfar_ratio	10
aspect	1
zoom	1.255
translate	-0.283571 0.148833 0.0570381
rmat
0.768752 0.577772 -0.274228 0
-0.449416 0.793099 0.41112 0
0.455023 -0.192806 0.869356 0
0 0 0 1
mmat
1 0 0 0
0 1 0 0
0 0 1 0
0 0 0 1
pmat
2.41421 0 0 0
0 2.41421 0 0
0 0 -1.0202 -0.388621
0 0 -1 0
