screensize	500 500
eye_direction	-0.955495 0.0799617 0.283963
reference_point	0 0 0
focal_distance	2.41421
view_angle	45
znear_ratio	0.1
zfar_ratio	10
aspect	1
zoom	5.48
translate	0.016969 -0.0660856 0.0695674
rmat
-0.0497699 -0.992461 0.112001 0
0.290778 0.0928833 0.952272 0
-0.955495 0.0799617 0.283963 0
0 0 0 1
mmat
1 0 0 0
0 1 0 0
0 0 1 0
0 0 0 1
pmat
2.41421 0 0 0
0 2.41421 0 0
0 0 -1.0202 -0.0889999
0 0 -1 0
