screensize	500 500
eye_direction	-0.939896 0.217245 0.263438
reference_point	0 0 0
focal_distance	2.41421
view_angle	45
znear_ratio	0.1
zfar_ratio	10
aspect	1
zoom	1.29
translate	0.0389606 0.111661 0.0469222
rmat
-0.203302 -0.975889 0.0794262 0
0.274341 0.0210949 0.961401 0
-0.939896 0.217245 0.263438 0
0 0 0 1
mmat
1 0 0 0
0 1 0 0
0 0 1 0
0 0 0 1
pmat
2.41421 0 0 0
0 2.41421 0 0
0 0 -1.0202 -0.378077
0 0 -1 0
