screensize	600 600
eye_direction	0.138325 0.10903 0.984367
reference_point	0 0 0
focal_distance	2.41421
view_angle	45
znear_ratio	0.1
zfar_ratio	10
aspect	1
zoom	1.075
translate	6.50018e-005 0.0351815 -0.00390588
rmat
0.989113 0.0351906 -0.14289 0
-0.0502197 0.993415 -0.102975 0
0.138325 0.10903 0.984367 0
0 0 0 1
mmat
1 0 0 0
0 1 0 0
0 0 1 0
0 0 0 1
pmat
2.41421 0 0 0
0 2.41421 0 0
0 0 -1.0202 -0.453693
0 0 -1 0
