screensize	500 500
eye_direction	-0.0667156 -0.170828 0.98304
reference_point	0 0 0
focal_distance	2.41421
view_angle	45
znear_ratio	0.1
zfar_ratio	10
aspect	1
zoom	2.205
translate	-0.0808452 0.032235 -0.0156707
rmat
0.997407 0.0152342 0.070338 0
-0.0269916 0.985183 0.169369 0
-0.0667156 -0.170828 0.98304 0
0 0 0 1
mmat
1 0 0 0
0 1 0 0
0 0 1 0
0 0 0 1
pmat
2.41421 0 0 0
0 2.41421 0 0
0 0 -1.0202 -0.221188
0 0 -1 0
