screensize	500 500
eye_direction	0.0299044 -0.13042 0.991008
reference_point	0 0 0
focal_distance	2.41421
view_angle	45
znear_ratio	0.1
zfar_ratio	10
aspect	1
zoom	0.97
translate	-0.141292 0.0862285 0.0006109
rmat
0.976834 0.213996 -0.00131399 0
-0.2119 0.968089 0.133798 0
0.0299044 -0.13042 0.991008 0
0 0 0 1
mmat
1 0 0 0
0 1 0 0
0 0 1 0
0 0 0 1
pmat
2.41421 0 0 0
0 2.41421 0 0
0 0 -1.0202 -0.502804
0 0 -1 0
