screensize	500 500
eye_direction	-0.351522 0.265123 0.897854
reference_point	0 0 0
focal_distance	2.41421
view_angle	45
znear_ratio	0.1
zfar_ratio	10
aspect	1
zoom	1.39
translate	-0.101945 0.108382 -0.0719162
rmat
0.930802 0.201625 0.304884 0
-0.100198 0.942898 -0.317653 0
-0.351522 0.265123 0.897854 0
0 0 0 1
mmat
1 0 0 0
0 1 0 0
0 0 1 0
0 0 0 1
pmat
2.41421 0 0 0
0 2.41421 0 0
0 0 -1.0202 -0.350878
0 0 -1 0
