screensize	600 600
eye_direction	0.00643073 -0.235454 0.971864
reference_point	0 0 0
focal_distance	2.41421
view_angle	45
znear_ratio	0.1
zfar_ratio	10
aspect	1
zoom	1.105
translate	-0.18462 0.0970605 0.04194
rmat
0.967296 0.247909 0.0536606 0
-0.253569 0.939735 0.229348 0
0.00643073 -0.235454 0.971864 0
0 0 0 1
mmat
1 0 0 0
0 1 0 0
0 0 1 0
0 0 0 1
pmat
2.41421 0 0 0
0 2.41421 0 0
0 0 -1.0202 -0.441376
0 0 -1 0
