screensize	600 600
eye_direction	0.0388067 0.00476216 -0.999235
reference_point	0 0 0
focal_distance	2.41421
view_angle	45
znear_ratio	0.1
zfar_ratio	10
aspect	1
zoom	5.495
translate	0.643154 -0.156542 -0.0527691
rmat
0.0285521 -0.999586 -0.00365497 0
-0.998839 -0.0283884 -0.0389266 0
0.0388067 0.00476216 -0.999235 0
0 0 0 1
mmat
1 0 0 0
0 1 0 0
0 0 1 0
0 0 0 1
pmat
2.41421 0 0 0
0 2.41421 0 0
0 0 -1.0202 -0.088757
0 0 -1 0
