screensize	500 500
eye_direction	-0.970246 0.233095 0.0654997
reference_point	0 0 0
focal_distance	2.41421
view_angle	45
znear_ratio	0.1
zfar_ratio	10
aspect	1
zoom	1.165
translate	-0.208969 0.0793724 0.224622
rmat
-0.136671 -0.750558 0.646516 0
0.199861 0.618328 0.760083 0
-0.970246 0.233095 0.0654997 0
0 0 0 1
mmat
1 0 0 0
0 1 0 0
0 0 1 0
0 0 0 1
pmat
2.41421 0 0 0
0 2.41421 0 0
0 0 -1.0202 -0.418643
0 0 -1 0
